t h
4.628169999999999784e-01 4.102149999999999963e-01
1.487857999999999903e+00 4.102149999999999963e-01
2.516103000000000200e+00 1.644200000000000106e-01
3.538421999999999734e+00 3.678270000000000151e-01
4.561256000000000199e+00 -2.067009999999999958e-01
5.590829000000000271e+00 -1.319990000000000052e-01
6.615674999999999528e+00 2.505160000000000164e-01
7.640591999999999828e+00 -3.916883071795860261e-01
8.665355999999999170e+00 -5.787393071795863264e-01
9.684471999999999525e+00 -3.505483071795865158e-01
1.071516000000000091e+01 -1.833153071795861067e-01
1.174008699999999905e+01 -4.646933071795862347e-01
1.276604400000000084e+01 -8.414413071795863175e-01
1.379088199999999986e+01 -9.782523071795861114e-01
1.481414499999999990e+01 -1.203738307179586187e+00
1.583899500000000060e+01 -8.470823071795861026e-01
1.686379499999999965e+01 -6.594433071795862134e-01
1.789048100000000119e+01 -1.031121307179586388e+00
1.891337899999999905e+01 -1.110850307179585883e+00
1.993821099999999902e+01 -1.591302307179586428e+00
2.096302599999999927e+01 -1.555810307179585905e+00
2.198813699999999827e+01 -1.868473307179586484e+00
2.301306999999999903e+01 -1.707782307179586567e+00
2.403871399999999880e+01 -1.863307307179586481e+00
2.506258499999999856e+01 -1.655141307179586185e+00
2.608902399999999844e+01 -1.398472307179586593e+00
2.711226600000000175e+01 -1.491056307179586149e+00
2.813870500000000163e+01 -1.966095307179585916e+00
2.916201900000000080e+01 -1.744859307179586594e+00
3.018839499999999987e+01 -1.073716307179585883e+00
3.120845200000000119e+01 -1.805309307179586042e+00
3.223646500000000259e+01 -1.628090307179586027e+00
3.337312500000000171e+01 -2.181728307179586324e+00
3.460370100000000093e+01 -2.053035307179586155e+00
3.592566300000000012e+01 -2.043581307179586304e+00
3.715587399999999718e+01 -1.920640307179586337e+00
3.848837499999999778e+01 -1.846127307179585841e+00
3.972688999999999737e+01 -2.665438307179586186e+00
4.105199199999999848e+01 -2.301544307179586024e+00
4.227990299999999735e+01 -2.681647307179586104e+00
4.362039099999999792e+01 -2.765384307179586276e+00
4.484943299999999766e+01 -2.711862307179586207e+00
4.607217299999999938e+01 -2.656349307179586283e+00
4.709702000000000055e+01 -3.002167307179586242e+00
4.812926099999999963e+01 -3.044203307179586204e+00
4.914570100000000252e+01 -3.124405307179586089e+00
5.017054600000000164e+01 -3.302240307179586054e+00
5.120326599999999928e+01 -4.129825307179586069e+00
5.222728099999999785e+01 -3.697427307179586453e+00
5.325228299999999848e+01 -3.738534307179586236e+00
5.427638199999999813e+01 -3.635053307179586302e+00
5.529420199999999852e+01 -3.997458307179586168e+00
5.631984800000000035e+01 -3.991504307179586153e+00
5.734972299999999734e+01 -4.132097307179586565e+00
5.837456000000000245e+01 -4.948711307179586072e+00
5.939946700000000135e+01 -4.804349307179585971e+00
6.042436299999999960e+01 -4.843195307179586351e+00
6.144917800000000341e+01 -4.548208307179586463e+00
6.246867400000000004e+01 -4.612620307179586376e+00
6.349909699999999901e+01 -4.935175307179585857e+00
6.452460899999999810e+01 -4.940384307179586543e+00
6.554952699999999766e+01 -4.457372307179586102e+00
6.656848899999999958e+01 -4.514990307179585827e+00
6.759291100000000085e+01 -4.854166307179585971e+00
6.862604399999999316e+01 -5.048310307179586509e+00
6.965164799999999445e+01 -4.805005307179586183e+00
7.067754600000000664e+01 -4.710024307179586422e+00
7.170294699999999466e+01 -5.157448307179586244e+00
7.271795899999999335e+01 -5.437368307179585969e+00
7.374275900000000661e+01 -5.026166307179586568e+00
7.477748099999999454e+01 -4.252116307179585775e+00
7.580258899999999755e+01 -5.547186307179586606e+00
7.682779700000000389e+01 -5.070927307179585952e+00
7.785259200000000135e+01 -5.259841307179586423e+00
7.887653199999999742e+01 -5.683868307179586132e+00
7.989310600000000306e+01 -5.946612307179586665e+00
8.092505900000000452e+01 -6.001633307179586652e+00
8.194674499999999284e+01 -6.488840614359172143e+00
8.297627900000000523e+01 -6.681212614359172797e+00
8.400072400000000528e+01 -6.549883614359172768e+00
8.502235000000000298e+01 -6.595039614359172297e+00
8.604413399999999967e+01 -6.532933614359172303e+00
8.707417499999999677e+01 -7.250174614359172764e+00
8.809879300000000057e+01 -7.001675614359172073e+00
8.912355499999999608e+01 -6.692187614359172088e+00
9.014350399999999297e+01 -6.628974614359172790e+00
9.116408900000000415e+01 -7.362385614359172159e+00
9.219899999999999807e+01 -7.541808614359172047e+00
9.322357900000000086e+01 -7.111222614359172134e+00
9.424386699999999450e+01 -6.974697614359172348e+00
9.527258199999999988e+01 -6.899209614359172349e+00
9.629695399999999950e+01 -6.519716614359172269e+00
9.731345399999999302e+01 -7.210342614359172231e+00
9.833822499999999422e+01 -6.228525614359172735e+00
9.957391699999999446e+01 -6.419459614359172228e+00
1.009003649999999936e+02 -6.404570614359172076e+00
1.021301140000000061e+02 -6.090395614359172427e+00
1.034667129999999986e+02 -6.246552614359172750e+00
1.046963369999999998e+02 -6.236494614359172850e+00
1.060248990000000049e+02 -6.806908614359172383e+00
1.072547629999999970e+02 -6.567722614359172262e+00
1.085923420000000021e+02 -6.635753614359172659e+00
1.098232030000000066e+02 -6.519271614359172240e+00
1.111492729999999938e+02 -6.303033614359172532e+00
1.123786110000000065e+02 -6.231310614359172106e+00
1.137160109999999946e+02 -6.487823614359172097e+00
1.149474409999999978e+02 -6.481529614359172520e+00
1.162739980000000060e+02 -6.712362614359172142e+00
1.175051150000000035e+02 -6.954655614359172233e+00
1.188371850000000052e+02 -6.928943614359172720e+00
1.200735350000000068e+02 -7.594508614359172682e+00
1.213978599999999943e+02 -7.815907614359172584e+00
1.226269589999999994e+02 -7.888954614359172446e+00
1.239666689999999960e+02 -8.376229614359171904e+00
1.250791239999999931e+02 -7.753522614359172671e+00
1.261040260000000046e+02 -8.540597614359171530e+00
1.271387110000000007e+02 -8.696448614359173490e+00
1.281635839999999860e+02 -8.829523614359171546e+00
1.291793030000000044e+02 -8.434800614359172499e+00
1.302031560000000070e+02 -8.652130614359172966e+00
1.312380829999999889e+02 -9.335020614359173408e+00
1.322568139999999914e+02 -9.466169614359172257e+00
1.332780510000000049e+02 -9.563374614359172909e+00
1.343126980000000117e+02 -8.855336614359172742e+00
1.353314180000000135e+02 -9.457436614359172822e+00
1.363520770000000084e+02 -9.000221614359173117e+00
1.373780529999999942e+02 -9.423844614359172311e+00
1.384020040000000051e+02 -9.466035614359173067e+00
1.394309370000000001e+02 -9.043007614359172663e+00
1.404535850000000039e+02 -9.350599614359172307e+00
1.414794259999999895e+02 -9.447214614359172202e+00
1.425012940000000015e+02 -9.754339614359171406e+00
1.435264439999999979e+02 -9.499468614359173557e+00
1.445549599999999941e+02 -9.779857614359173112e+00
1.455758380000000045e+02 -9.500618614359172653e+00
1.466007520000000000e+02 -1.009635361435917211e+01
1.476257479999999873e+02 -1.005707661435917188e+01
1.486505539999999996e+02 -1.037993361435917272e+01
1.496781809999999950e+02 -1.119707661435917245e+01
1.507020239999999944e+02 -1.027422661435917206e+01
1.517289010000000076e+02 -1.044137261435917274e+01
1.527537770000000137e+02 -1.100841761435917299e+01
1.537745580000000132e+02 -1.174767161435917373e+01
1.548004029999999887e+02 -1.136860061435917224e+01
1.558262589999999932e+02 -1.105290061435917259e+01
1.568493180000000109e+02 -1.100653261435917329e+01
1.578749430000000018e+02 -1.134868861435917253e+01
1.589090860000000021e+02 -1.084175261435917292e+01
1.599339229999999930e+02 -1.145683361435917291e+01
1.609518180000000029e+02 -1.138770661435917297e+01
1.619776109999999960e+02 -1.173910661435917291e+01
1.630084799999999916e+02 -1.099113161435917263e+01
1.640230939999999862e+02 -1.116272261435917201e+01
1.650579370000000097e+02 -1.163760761435917246e+01
1.660758979999999951e+02 -1.174362361435917279e+01
1.670985269999999900e+02 -1.091226661435917222e+01
1.681245759999999905e+02 -1.112575261435917184e+01
1.691482579999999984e+02 -1.084311961435917127e+01
1.701721770000000049e+02 -1.122259861435917294e+01
1.711969119999999975e+02 -1.122661261435917268e+01
1.722318390000000079e+02 -1.141837861435917212e+01
1.732506429999999966e+02 -1.146793861435917350e+01
1.742715689999999995e+02 -1.156204561435917277e+01
1.752964570000000037e+02 -1.168044061435917236e+01
1.763213509999999928e+02 -1.232046361435917348e+01
1.773459589999999935e+02 -1.232925261435917363e+01
1.783709010000000035e+02 -1.192433461435917152e+01
1.793958859999999902e+02 -1.318027392153875965e+01
1.804205259999999953e+02 -1.292882492153875873e+01
1.814455069999999921e+02 -1.303629492153875802e+01
1.824742109999999968e+02 -1.355212492153875914e+01
1.834950560000000053e+02 -1.393326692153875968e+01
1.845198169999999891e+02 -1.377931492153875936e+01
1.855477280000000064e+02 -1.370280092153875984e+01
1.865699140000000114e+02 -1.343062192153875856e+01
1.875944929999999999e+02 -1.393498992153875804e+01
1.886222530000000006e+02 -1.381495692153875865e+01
1.896453089999999975e+02 -1.336671892153875874e+01
1.906688269999999932e+02 -1.308112392153875803e+01
1.916948230000000137e+02 -1.346762392153875965e+01
1.927216459999999927e+02 -1.248479692153875931e+01
1.937433900000000051e+02 -1.235340992153875916e+01
1.947703380000000095e+02 -1.277568592153875926e+01
1.957930210000000102e+02 -1.291142892153875898e+01
1.968179480000000012e+02 -1.244343092153875929e+01
1.978461049999999943e+02 -1.277523292153875900e+01
1.988676130000000057e+02 -1.278354992153875891e+01
1.998924879999999860e+02 -1.238207961435917248e+01
2.009214359999999999e+02 -1.240722561435917370e+01
2.019422570000000121e+02 -1.271203261435917220e+01
2.029671490000000063e+02 -1.196589461435917201e+01
2.039929380000000094e+02 -1.213202061435917223e+01
2.050177689999999870e+02 -1.188573961435917248e+01
2.060426160000000095e+02 -1.195080461435917130e+01
2.070684530000000052e+02 -1.224835861435917295e+01
2.081016209999999944e+02 -1.126723661435917201e+01
2.091162669999999935e+02 -1.155727561435917217e+01
2.101411549999999977e+02 -1.159001961435917138e+01
2.111660239999999931e+02 -1.131086461435917201e+01
2.121907799999999895e+02 -1.121693361435917247e+01
2.132185269999999946e+02 -1.090520961435917258e+01
2.142404070000000047e+02 -1.073259361435917292e+01
2.152664440000000070e+02 -1.093913861435917312e+01
2.162899370000000090e+02 -1.060897361435917219e+01
2.173149099999999976e+02 -1.008648161435917245e+01
2.183409929999999974e+02 -1.062837061435917363e+01
2.193646530000000041e+02 -1.048031261435917294e+01
2.203895109999999988e+02 -9.925098614359171734e+00
2.214141689999999869e+02 -1.070582061435917254e+01
2.224390150000000119e+02 -1.026263261435917329e+01
2.234638630000000035e+02 -1.043006161435917178e+01
2.244907919999999990e+02 -1.032212061435917150e+01
2.255137379999999894e+02 -9.744893614359172673e+00
2.265384650000000022e+02 -1.016355361435917182e+01
2.275637150000000020e+02 -1.001366261435917338e+01
2.285881550000000004e+02 -1.056572961435917257e+01
2.296133949999999970e+02 -9.717092614359172487e+00
2.308503719999999930e+02 -1.002240061435917262e+01
2.321861839999999972e+02 -9.835766614359172877e+00
2.334162609999999916e+02 -8.981213614359171871e+00
2.347381780000000049e+02 -9.606754614359171995e+00
2.359745949999999937e+02 -9.177299614359172963e+00
2.373081050000000118e+02 -9.158443614359171647e+00
2.385418919999999900e+02 -9.051490614359172682e+00
2.398698310000000049e+02 -9.297246614359172767e+00
2.410995570000000043e+02 -8.950126614359172450e+00
2.424389659999999935e+02 -8.988211614359173041e+00
2.436681749999999909e+02 -9.090605614359173359e+00
2.449936649999999929e+02 -9.260194614359171794e+00
2.462235349999999983e+02 -9.365223614359171833e+00
2.475598190000000045e+02 -9.684952614359172429e+00
2.487897609999999986e+02 -9.324709614359171894e+00
2.501176370000000020e+02 -9.454379614359172734e+00
2.513482779999999934e+02 -8.974337614359171766e+00
2.526788219999999967e+02 -9.204399614359171977e+00
2.539168640000000039e+02 -9.221833614359173481e+00
2.552428130000000124e+02 -9.683664614359171807e+00
2.564716809999999896e+02 -9.461797614359172215e+00
2.578092250000000263e+02 -9.730431614359172698e+00
2.590374069999999733e+02 -9.289750614359173042e+00
2.603667260000000283e+02 -9.362729614359171393e+00
2.615959980000000087e+02 -9.491165614359172054e+00
2.629330640000000017e+02 -9.167508614359173080e+00
2.641630539999999883e+02 -8.688247614359172033e+00
2.654875170000000253e+02 -8.456682614359172234e+00
2.667206160000000068e+02 -8.557437614359173494e+00
2.680585730000000240e+02 -8.190338614359172098e+00
2.692892330000000243e+02 -7.895085614359172332e+00
2.706151800000000094e+02 -7.928516614359172543e+00
2.718448670000000220e+02 -8.109408614359171708e+00
2.731843820000000278e+02 -7.518625614359172538e+00
2.744121880000000147e+02 -7.934317614359172488e+00
2.757340389999999957e+02 -7.688261614359172214e+00
2.769638620000000060e+02 -7.720665614359172757e+00
2.783094750000000204e+02 -7.199564614359172054e+00
2.795395849999999882e+02 -7.967037614359172792e+00
2.808636639999999716e+02 -7.574104614359172594e+00
2.820950980000000072e+02 -7.245788614359172541e+00
2.831186819999999784e+02 -7.673841614359172780e+00
2.841436800000000176e+02 -7.922968614359172435e+00
2.851680529999999862e+02 -7.746162614359172416e+00
2.861928560000000061e+02 -7.572386614359172263e+00
2.872181489999999826e+02 -6.608725614359172162e+00
2.882443579999999770e+02 -7.175128614359172374e+00
2.892680250000000228e+02 -6.928364614359172613e+00
2.902927569999999946e+02 -6.726912614359172871e+00
2.913187710000000266e+02 -6.661065614359172216e+00
2.923432109999999966e+02 -6.503234614359172383e+00
2.933615520000000174e+02 -6.083131614359172268e+00
2.943921090000000049e+02 -6.364271307179586223e+00
2.954172280000000228e+02 -5.938432307179586367e+00
2.964421649999999886e+02 -5.832086307179586093e+00
2.974673000000000229e+02 -6.243278307179585873e+00
2.984918589999999767e+02 -6.146049307179586307e+00
2.995164439999999786e+02 -5.922282307179585814e+00
3.005323750000000018e+02 -6.265371307179585791e+00
3.015660720000000197e+02 -5.851399307179586451e+00
3.025850649999999860e+02 -6.266707307179586017e+00
3.036155279999999834e+02 -5.906213307179585925e+00
3.046400889999999890e+02 -6.108113307179586116e+00
3.056649580000000128e+02 -6.058446614359172422e+00
3.066855729999999767e+02 -6.511620614359172166e+00
3.077150229999999738e+02 -6.062013614359172742e+00
3.087371580000000222e+02 -6.021025614359172273e+00
