x y
-2.531000000000000139e+00 -9.853999999999999204e+00
-5.868999999999999773e+00 -5.964000000000000412e+00
3.830000000000000071e+00 -5.522999999999999687e+00
6.549999999999999822e+00 -5.283000000000000362e+00
-2.370000000000000107e+00 4.884000000000000341e+00
-1.935000000000000053e+00 -8.319999999999999618e-01
-7.229999999999999760e-01 -2.634999999999999787e+00
-2.040999999999999925e+00 -4.394999999999999574e+00
9.273999999999999133e+00 -8.230999999999999872e+00
6.349999999999999645e+00 -8.429999999999999716e-01
2.653999999999999915e+00 9.659999999999999698e-01
1.590999999999999970e+00 -9.814000000000000057e+00
-9.310000000000000497e-01 2.585999999999999854e+00
3.529999999999999805e+00 4.706000000000000405e+00
1.174900000000000055e+01 -6.253999999999999559e+00
-5.807000000000000384e+00 1.400000000000000029e-02
-2.624000000000000110e+00 7.751999999999999780e+00
2.428999999999999826e+00 6.746000000000000441e+00
-5.732999999999999652e+00 -9.672000000000000597e+00
1.383900000000000041e+01 -3.754000000000000004e+00
7.689000000000000057e+00 9.768000000000000682e+00
5.708999999999999631e+00 -2.681999999999999940e+00
1.377399999999999913e+01 6.596000000000000085e+00
4.219999999999999862e-01 4.339999999999999858e+00
8.275999999999999801e+00 3.814000000000000057e+00
1.098799999999999955e+01 -1.036999999999999922e+00
2.402000000000000135e+00 -4.070999999999999730e+00
1.376099999999999923e+01 9.760999999999999233e+00
