t x y
4.628169999999999784e-01 1.068589999999999957e-01 3.962629999999999764e-01
1.288000000000000034e+00 -2.002649999999999986e-01 3.016780000000000017e-01
2.108423000000000158e+00 3.246899999999999786e-02 -2.920299999999999979e-02
2.926340999999999859e+00 -8.189980000000000038e-01 -5.543329999999999647e-01
3.746033999999999864e+00 9.833739999999999704e-01 1.072114999999999929e+00
4.561256000000000199e+00 3.836999999999999855e-01 -6.764109999999999845e-01
5.386053000000000424e+00 6.729829999999999979e-01 2.285109999999999919e-01
6.205745000000000289e+00 1.234323999999999977e+00 1.945870000000000100e-01
7.025850000000000151e+00 -4.773700000000000165e-01 1.029506999999999950e+00
7.845458999999999961e+00 3.021840000000000082e-01 -1.846589999999999898e-01
8.665355999999999170e+00 8.780919999999999837e-01 6.820659999999999501e-01
9.485326999999999842e+00 1.165918999999999928e+00 -3.461989999999999790e-01
1.030533999999999928e+01 7.324239999999999640e-01 -4.420299999999999924e-02
1.112577300000000058e+01 1.258140000000000036e+00 1.623999999999999888e-01
1.194636700000000040e+01 5.876970000000000249e-01 -7.660949999999999704e-01
1.276604400000000084e+01 1.189162000000000052e+00 -7.142199999999999938e-02
1.358314200000000049e+01 1.206142999999999965e+00 4.062509999999999732e-01
1.440019500000000008e+01 1.897477999999999998e+00 -5.316189999999999527e-01
1.521883700000000061e+01 1.202317000000000080e+00 6.117850000000000232e-01
1.604386600000000129e+01 1.055458999999999925e+00 -1.136735000000000051e+00
1.686379499999999965e+01 1.084724000000000022e+00 4.764019999999999921e-01
1.768379099999999937e+01 1.681357999999999908e+00 -1.044413000000000036e+00
1.850214199999999920e+01 1.171097000000000055e+00 -1.020175000000000054e+00
1.932369699999999924e+01 2.340732000000000035e+00 -1.733050999999999897e+00
2.014491500000000102e+01 1.817134999999999945e+00 -2.371684999999999821e+00
2.096302599999999927e+01 1.678326999999999902e+00 -1.673708999999999891e+00
2.178303700000000021e+01 1.430309000000000053e+00 -1.340832999999999942e+00
2.259951999999999828e+01 1.651880999999999933e+00 -1.339501999999999970e+00
2.342367799999999889e+01 2.154850999999999850e+00 -2.710424999999999862e+00
2.424262999999999835e+01 3.520840000000000081e-01 -2.954146999999999856e+00
2.506258499999999856e+01 2.106453000000000131e+00 -2.330331000000000152e+00
2.588265900000000030e+01 1.262771000000000088e+00 -2.209512999999999838e+00
2.670393200000000178e+01 1.444261000000000017e+00 -1.148695000000000022e+00
2.751776800000000023e+01 1.869320000000000093e+00 -2.670945999999999820e+00
2.834216699999999989e+01 1.695224999999999982e+00 -2.600207999999999853e+00
2.916201900000000080e+01 5.588779999999999859e-01 -2.457151000000000085e+00
2.998342799999999997e+01 5.701669999999999794e-01 -3.429851000000000205e+00
3.080195099999999897e+01 1.557792999999999983e+00 -3.959802999999999962e+00
3.162222299999999819e+01 7.587319999999999620e-01 -4.431160000000000210e+00
3.244124800000000164e+01 3.343610000000000193e-01 -3.278577999999999992e+00
3.337312500000000171e+01 8.914309999999999734e-01 -3.881428000000000100e+00
3.439301100000000133e+01 7.741919999999999913e-01 -3.585259999999999891e+00
3.541690499999999986e+01 2.853459999999999885e-01 -4.915117000000000402e+00
3.644863800000000253e+01 1.930810000000000026e-01 -4.459615999999999580e+00
3.747370800000000202e+01 7.673360000000000181e-01 -4.211298000000000208e+00
3.848837499999999778e+01 -4.581189999999999984e-01 -5.174990000000000201e+00
3.952229400000000226e+01 9.683840000000000225e-01 -5.739069999999999894e+00
4.054659499999999639e+01 4.396599999999999953e-01 -6.773213000000000150e+00
4.156290700000000271e+01 -2.625569999999999848e-01 -5.537624000000000102e+00
4.259444100000000333e+01 -3.665109999999999757e-01 -5.956207000000000029e+00
4.362039099999999792e+01 -1.110988000000000087e+00 -6.820357999999999699e+00
4.464461500000000171e+01 -1.467827999999999911e+00 -6.243509999999999671e+00
4.566296599999999728e+01 -1.027241999999999988e+00 -5.477750999999999593e+00
4.648949999999999960e+01 -1.033233999999999986e+00 -6.369819999999999816e+00
4.730100099999999941e+01 -1.082729999999999970e+00 -6.404149999999999565e+00
4.812926099999999963e+01 -2.020227999999999913e+00 -5.823010000000000019e+00
4.894857199999999864e+01 -1.875588999999999951e+00 -6.394744000000000206e+00
4.976261499999999671e+01 -1.420741000000000032e+00 -6.950671999999999962e+00
5.058845800000000281e+01 -1.468836999999999948e+00 -6.435171000000000419e+00
5.139941499999999763e+01 -2.977978999999999932e+00 -5.631202000000000041e+00
5.222728099999999785e+01 -1.828980999999999968e+00 -6.325927000000000078e+00
5.304703399999999647e+01 -3.218789999999999818e+00 -4.993158000000000207e+00
5.385897599999999841e+01 -3.651641000000000137e+00 -5.377209999999999823e+00
5.468620899999999807e+01 -3.173261000000000109e+00 -5.258577999999999975e+00
5.549971800000000144e+01 -3.630148000000000152e+00 -4.938654999999999795e+00
5.631984800000000035e+01 -3.164203999999999795e+00 -4.971076000000000050e+00
5.714466199999999674e+01 -3.532595999999999847e+00 -5.015155000000000030e+00
5.796439500000000322e+01 -4.723043999999999798e+00 -4.267345999999999862e+00
5.878451100000000196e+01 -5.516558999999999990e+00 -3.619155999999999818e+00
5.959650500000000051e+01 -3.751710999999999796e+00 -3.242601000000000067e+00
6.042436299999999960e+01 -4.527498999999999718e+00 -4.141403999999999641e+00
6.124415100000000223e+01 -3.556976000000000138e+00 -3.146373999999999782e+00
6.205773800000000051e+01 -3.199847999999999804e+00 -3.824726000000000070e+00
6.288424799999999948e+01 -4.455543999999999727e+00 -2.424751999999999796e+00
6.369590600000000080e+01 -3.441049000000000024e+00 -2.855535000000000156e+00
6.452460899999999810e+01 -3.839754000000000111e+00 -2.485647000000000162e+00
6.534429900000000657e+01 -4.194463999999999970e+00 -1.498405999999999905e+00
6.616475499999999954e+01 -3.096959000000000017e+00 -3.155402000000000040e+00
6.698510000000000275e+01 -4.119324999999999903e+00 -1.820542000000000105e+00
6.779726599999999337e+01 -3.224099999999999966e+00 -2.181245999999999796e+00
6.862604399999999316e+01 -3.022062000000000026e+00 -2.178154999999999841e+00
6.944632699999999659e+01 -4.838474999999999859e+00 -8.712969999999999882e-01
7.026690999999999576e+01 -2.295227000000000128e+00 -1.153288000000000091e+00
7.107938300000000709e+01 -3.065938000000000052e+00 -8.846629999999999772e-01
7.189917599999999709e+01 -3.192966000000000193e+00 -4.319620000000000126e-01
7.271795899999999335e+01 -4.053584999999999994e+00 -4.566749999999999976e-01
7.354203499999999849e+01 -3.720826000000000189e+00 -2.623110000000000164e-01
7.436728499999999542e+01 -4.191923000000000066e+00 6.490310000000000246e-01
7.517987999999999715e+01 -3.994828000000000046e+00 3.067500000000000088e-02
7.599873999999999796e+01 -3.673474000000000128e+00 4.688189999999999857e-01
7.682779700000000389e+01 -2.729455999999999882e+00 1.024650000000000061e+00
7.764711800000000608e+01 -1.928684999999999983e+00 4.926530000000000076e-01
7.846682300000000509e+01 -1.960015999999999980e+00 9.958360000000000545e-01
7.928634700000000635e+01 -2.623625999999999792e+00 1.395785000000000053e+00
8.009683099999999456e+01 -3.229783999999999988e+00 1.197190999999999894e+00
8.092505900000000452e+01 -1.812500000000000000e+00 2.417367000000000044e+00
8.174647699999999872e+01 -2.030705999999999900e+00 4.438770000000000215e-01
8.256539200000000278e+01 -2.349709999999999965e+00 1.556762999999999897e+00
8.338585199999999986e+01 -9.859850000000000003e-01 1.331898000000000026e+00
8.419723500000000627e+01 -7.133930000000000549e-01 4.030580000000000274e-01
8.502235000000000298e+01 -3.866959999999999842e-01 3.786680000000000046e-01
8.584516899999999850e+01 -7.721320000000000405e-01 5.418319999999999803e-01
8.665603099999999870e+01 -6.827349999999999808e-01 3.288289999999999824e-01
8.748427399999999921e+01 -4.209030000000000271e-01 1.145069999999999977e-01
8.829518199999999695e+01 -2.531610000000000249e-01 -8.122939999999999605e-01
8.912355499999999608e+01 7.178900000000000559e-02 6.523029999999999662e-01
8.993956199999999512e+01 9.491469999999999629e-01 -6.254920000000000480e-01
9.076392199999999377e+01 3.377640000000000087e-01 -5.526910000000000434e-01
9.158335800000000404e+01 7.653339999999999588e-01 -6.324640000000000262e-01
9.239530700000000252e+01 1.652030000000000109e+00 -4.843230000000000035e-01
9.322357900000000086e+01 6.003880000000000328e-01 -8.269320000000000004e-01
9.404292100000000687e+01 1.348055999999999921e+00 -1.125280000000000058e+00
9.485151299999999708e+01 1.302985000000000060e+00 -2.068258999999999848e+00
9.568227799999999661e+01 9.354459999999999997e-01 -1.009214999999999973e+00
9.649366799999999955e+01 3.300710000000000033e-01 -8.261509999999999687e-01
9.731345399999999302e+01 6.245290000000000008e-01 -2.442959000000000103e+00
9.814023799999999653e+01 1.863861999999999908e+00 -2.580115000000000158e+00
9.905581499999999551e+01 1.987530999999999937e+00 -1.936355000000000048e+00
1.000812379999999990e+02 2.379903999999999797e+00 -1.933270000000000044e+00
1.011050840000000051e+02 2.171193999999999846e+00 -2.450619999999999798e+00
1.021301140000000061e+02 3.289560999999999957e+00 -2.346319999999999961e+00
1.031547790000000049e+02 3.579987000000000030e+00 -2.095102999999999938e+00
1.041797119999999950e+02 3.416141000000000094e+00 -2.718850999999999907e+00
1.052045140000000032e+02 4.453880999999999979e+00 -1.746480000000000032e+00
1.062298490000000015e+02 3.553431999999999924e+00 -2.098209999999999908e+00
1.072547629999999970e+02 4.150592999999999755e+00 -2.069427999999999823e+00
1.082755269999999967e+02 4.943169000000000146e+00 -1.367070999999999925e+00
1.093052859999999953e+02 4.818780000000000285e+00 -2.574625000000000163e+00
1.103252569999999935e+02 6.484626999999999697e+00 -1.431861000000000050e+00
1.113540119999999973e+02 7.014312000000000324e+00 -1.700498999999999983e+00
1.123786110000000065e+02 6.783968999999999916e+00 -2.337327000000000155e+00
1.134033600000000064e+02 6.359821000000000168e+00 -2.154758000000000173e+00
1.144284999999999997e+02 7.778395999999999866e+00 -1.702215000000000034e+00
1.154554669999999987e+02 6.540693000000000090e+00 -2.399325999999999848e+00
1.164802839999999975e+02 7.889527000000000179e+00 -2.538173000000000012e+00
1.175051150000000035e+02 1.005426199999999959e+01 -2.844622999999999902e+00
1.185280779999999936e+02 8.917598999999999165e+00 -3.396384999999999987e+00
1.195548090000000059e+02 8.309048999999999907e+00 -3.055607999999999880e+00
1.205797280000000029e+02 9.449381999999999948e+00 -3.603860000000000063e+00
1.216022490000000005e+02 8.918307000000000428e+00 -3.627943000000000140e+00
1.226269589999999994e+02 9.562668000000000390e+00 -5.094151000000000096e+00
1.236519669999999991e+02 8.778560999999999837e+00 -4.996432999999999680e+00
1.246769319999999936e+02 9.480994000000000810e+00 -5.279074999999999740e+00
1.254908700000000010e+02 9.148436000000000234e+00 -5.811931000000000402e+00
1.263172529999999938e+02 8.548937000000000452e+00 -5.513595999999999719e+00
1.271387110000000007e+02 8.057368000000000308e+00 -6.072423999999999822e+00
1.279585260000000062e+02 8.067925000000000679e+00 -7.116994000000000042e+00
1.287762960000000021e+02 7.552586999999999939e+00 -6.915500999999999898e+00
1.295965239999999881e+02 7.301470000000000127e+00 -7.144995999999999903e+00
1.304165490000000034e+02 7.375925999999999760e+00 -6.658977000000000146e+00
1.312380829999999889e+02 6.307730000000000281e+00 -7.108386000000000315e+00
1.320563860000000034e+02 5.986358000000000068e+00 -7.893874000000000279e+00
1.328709670000000074e+02 6.064200999999999731e+00 -7.145342000000000304e+00
1.336908950000000118e+02 5.385595000000000354e+00 -6.057945000000000135e+00
1.345156560000000070e+02 4.684548999999999630e+00 -6.923903000000000141e+00
1.353314180000000135e+02 5.546166999999999625e+00 -5.394064000000000192e+00
1.361554050000000018e+02 4.658161999999999914e+00 -7.554469000000000101e+00
1.369750919999999894e+02 3.687651999999999930e+00 -6.997162999999999577e+00
1.377912090000000092e+02 3.953682000000000141e+00 -6.447389000000000259e+00
1.386098729999999932e+02 3.759072999999999887e+00 -5.966698000000000057e+00
1.394309370000000001e+02 2.343875999999999848e+00 -6.932622000000000284e+00
1.402545269999999960e+02 2.512230000000000185e+00 -6.946208000000000382e+00
1.410743539999999996e+02 1.963155999999999901e+00 -6.072370000000000267e+00
1.418951010000000110e+02 3.105211000000000165e+00 -6.661537000000000042e+00
1.427073750000000132e+02 2.160943000000000058e+00 -6.292766000000000304e+00
1.435264439999999979e+02 2.471378000000000075e+00 -6.008618000000000237e+00
1.443562630000000127e+02 1.884632000000000085e+00 -6.392548999999999815e+00
1.451761189999999999e+02 1.544184999999999919e+00 -5.894114000000000075e+00
1.459945209999999918e+02 6.823080000000000256e-01 -5.903425000000000367e+00
1.468146120000000110e+02 9.074830000000000396e-01 -6.754789999999999850e+00
1.476257479999999873e+02 -1.224679999999999935e-01 -6.118596000000000146e+00
1.484540369999999996e+02 2.010000000000000068e-03 -5.322441999999999673e+00
1.492704650000000015e+02 -1.137999999999999984e-01 -6.293813000000000102e+00
1.500941679999999963e+02 1.912220000000000031e-01 -5.401226999999999556e+00
1.509139680000000112e+02 -9.034339999999999593e-01 -5.938943000000000083e+00
1.517289010000000076e+02 -7.588359999999999550e-01 -4.732682999999999751e+00
1.525527449999999874e+02 -1.116000000000000021e-03 -4.142389999999999795e+00
1.533726819999999975e+02 6.286640000000000006e-01 -3.614959999999999951e+00
1.541929939999999988e+02 9.824700000000000100e-02 -3.736997999999999820e+00
1.550133050000000026e+02 -2.643880000000000119e-01 -4.664871999999999908e+00
1.558262589999999932e+02 -7.281000000000000145e-03 -2.038479000000000152e+00
1.566524540000000059e+02 1.338540000000000008e-01 -2.707683999999999980e+00
1.574724879999999985e+02 1.167955000000000076e+00 -1.483951999999999938e+00
1.582927329999999984e+02 2.605759999999999743e-01 -2.572620999999999825e+00
1.591129500000000121e+02 8.814049999999999940e-01 -1.146015000000000006e+00
1.599339229999999930e+02 4.901960000000000206e-01 -1.030164999999999997e+00
1.607528179999999907e+02 2.465199999999999891e-01 -1.235510000000000108e+00
1.615721069999999884e+02 9.127119999999999678e-01 5.132079999999999975e-01
1.623922230000000013e+02 1.382913000000000059e+00 6.122400000000000064e-01
1.632102160000000026e+02 1.078940000000000038e-01 3.096439999999999748e-01
1.640230939999999862e+02 4.606040000000000134e-01 2.394979999999999887e-01
1.648517319999999984e+02 9.571349999999999580e-01 8.103690000000000060e-01
1.656711320000000001e+02 1.315701000000000009e+00 1.200960999999999945e+00
1.664876399999999990e+02 6.419270000000000254e-01 8.829740000000000366e-01
1.673109880000000089e+02 7.901709999999999567e-01 1.367458000000000062e+00
1.681245759999999905e+02 1.430447000000000024e+00 2.576534000000000102e+00
1.689510099999999966e+02 4.554460000000000175e-01 2.641629000000000005e+00
1.697704090000000008e+02 1.665844000000000102e+00 2.608711000000000002e+00
1.705901529999999866e+02 1.625663999999999998e+00 2.364459999999999784e+00
1.714049290000000099e+02 9.597940000000000360e-01 2.834404000000000146e+00
1.722318390000000079e+02 1.732005000000000017e+00 3.810732999999999926e+00
1.730502810000000125e+02 2.209058000000000188e+00 3.833394999999999886e+00
1.738695920000000115e+02 1.898290000000000033e+00 3.828815000000000079e+00
1.746896219999999857e+02 2.351786000000000154e+00 4.399650000000000283e+00
1.755095399999999870e+02 2.191335000000000033e+00 3.254016000000000020e+00
1.763213509999999928e+02 2.358283999999999825e+00 4.844612999999999836e+00
1.771409329999999898e+02 2.548599999999999977e+00 4.257737999999999801e+00
1.779690730000000087e+02 2.326845000000000052e+00 4.101740000000000386e+00
1.787826939999999922e+02 2.688321000000000183e+00 4.572772999999999755e+00
1.796095909999999947e+02 3.275593000000000199e+00 4.519790000000000418e+00
1.804205259999999953e+02 4.002176999999999651e+00 4.604760999999999882e+00
1.812489459999999895e+02 3.407491999999999965e+00 4.428218000000000210e+00
1.820682060000000035e+02 4.610322000000000031e+00 4.402290999999999954e+00
1.828887440000000026e+02 3.576099000000000139e+00 3.451257000000000019e+00
1.837009290000000021e+02 4.305519999999999570e+00 3.222208999999999879e+00
1.845198169999999891e+02 3.328040000000000109e+00 3.279087999999999781e+00
1.853478310000000135e+02 3.549287000000000081e+00 3.444844999999999935e+00
1.861665950000000009e+02 3.745883000000000074e+00 4.197423999999999822e+00
1.869804430000000082e+02 4.094209000000000209e+00 2.801549000000000067e+00
1.878075980000000129e+02 4.918661000000000172e+00 3.382620000000000182e+00
1.886222530000000006e+02 4.038001000000000396e+00 3.713548999999999989e+00
1.894476170000000081e+02 3.777330000000000076e+00 3.989076999999999984e+00
1.902687870000000032e+02 4.238621000000000194e+00 3.086361000000000132e+00
1.910808150000000012e+02 3.383442000000000061e+00 3.523852000000000206e+00
1.919068320000000085e+02 3.934820000000000206e+00 3.639924999999999855e+00
1.927216459999999927e+02 4.205909000000000120e+00 3.607272000000000034e+00
1.935464929999999981e+02 3.835087999999999830e+00 3.761811999999999934e+00
1.943663500000000113e+02 3.899001999999999857e+00 3.524019000000000013e+00
1.951862010000000112e+02 4.077772000000000396e+00 3.227612000000000148e+00
1.960057520000000011e+02 4.293559000000000125e+00 3.377588999999999952e+00
1.968179480000000012e+02 5.081839000000000439e+00 3.571067000000000213e+00
1.976455379999999877e+02 5.401474000000000331e+00 4.240605999999999653e+00
1.984654380000000060e+02 4.911482000000000347e+00 3.764438999999999869e+00
1.992775479999999959e+02 4.038808999999999649e+00 3.599369999999999958e+00
2.001052770000000010e+02 5.062522999999999662e+00 3.730093999999999799e+00
2.009214359999999999e+02 4.755478000000000094e+00 3.846315999999999846e+00
2.017454620000000034e+02 4.672922999999999938e+00 4.536367000000000260e+00
2.025648190000000000e+02 5.697569999999999801e+00 3.819288999999999934e+00
2.033856649999999888e+02 5.789012999999999742e+00 4.514363999999999599e+00
2.042049810000000036e+02 5.709125000000000227e+00 4.024484000000000172e+00
2.050177689999999870e+02 5.865952000000000055e+00 4.394735999999999976e+00
2.058466970000000060e+02 5.845812999999999704e+00 4.437437000000000076e+00
2.066665560000000141e+02 5.583901000000000003e+00 5.215291999999999817e+00
2.074795090000000073e+02 5.882901999999999632e+00 4.058963000000000321e+00
2.083046160000000100e+02 6.280105999999999966e+00 4.292664000000000257e+00
2.091162669999999935e+02 6.804294999999999760e+00 5.178003000000000355e+00
2.099462900000000047e+02 7.215544000000000402e+00 5.699889999999999901e+00
2.107659429999999929e+02 7.329716999999999594e+00 5.588124999999999787e+00
2.115810510000000022e+02 6.652555999999999692e+00 5.683868000000000364e+00
2.124056950000000086e+02 7.649002000000000301e+00 6.807354000000000127e+00
2.132185269999999946e+02 7.507437999999999612e+00 6.032180999999999571e+00
2.140431849999999940e+02 7.985401999999999667e+00 7.025769000000000375e+00
2.148628860000000032e+02 6.935907000000000266e+00 7.856397000000000297e+00
2.156830019999999877e+02 7.091671999999999976e+00 7.353029000000000259e+00
2.165027479999999969e+02 6.788251999999999953e+00 6.819300000000000139e+00
2.173149099999999976e+02 7.448849000000000053e+00 8.384968000000000643e+00
2.181448399999999879e+02 7.687186999999999770e+00 6.641740999999999673e+00
2.189587070000000040e+02 7.451276000000000010e+00 7.097224999999999895e+00
2.197822649999999953e+02 8.652894999999999115e+00 7.267208000000000112e+00
2.206020680000000027e+02 7.260844999999999771e+00 7.375913999999999859e+00
2.214141689999999869e+02 7.575744000000000256e+00 6.708217999999999570e+00
2.222420219999999915e+02 6.370591000000000115e+00 7.069632000000000360e+00
2.230615119999999933e+02 6.997990999999999850e+00 5.954341000000000328e+00
2.238817099999999982e+02 6.219802999999999749e+00 6.989805999999999742e+00
2.247016380000000026e+02 6.944023999999999752e+00 6.765911000000000008e+00
2.255137379999999894e+02 6.152928000000000175e+00 6.509548999999999808e+00
2.263435729999999921e+02 6.287683999999999607e+00 8.114836000000000382e+00
2.271610709999999926e+02 5.985818000000000083e+00 8.503249999999999531e+00
2.279782390000000021e+02 6.165600999999999665e+00 8.091105999999999909e+00
2.288006010000000003e+02 6.503620999999999874e+00 7.606155000000000221e+00
2.296133949999999970e+02 6.574188000000000365e+00 9.520616000000000412e+00
2.398698310000000049e+02 2.507073000000000107e+00 8.516954999999999387e+00
2.408945410000000038e+02 2.067937999999999832e+00 8.238958999999999477e+00
2.419195679999999982e+02 1.762021000000000059e+00 7.611577999999999733e+00
2.429440449999999885e+02 1.164776999999999951e+00 7.320945000000000036e+00
2.439690870000000018e+02 2.076039999999999885e+00 7.914560999999999957e+00
2.449936649999999929e+02 6.980119999999999658e-01 8.191091999999999373e+00
2.460185940000000073e+02 -2.381979999999999931e-01 6.964798000000000044e+00
2.470373140000000092e+02 -2.740599999999999981e-02 6.672920999999999658e+00
2.480677550000000053e+02 -5.077869999999999884e-01 8.128133999999999304e+00
2.490926629999999875e+02 -6.327469999999999484e-01 7.298938999999999844e+00
2.501176370000000020e+02 -1.117085000000000106e+00 6.849001000000000339e+00
2.511448159999999916e+02 -1.694144000000000094e+00 6.630581000000000280e+00
2.521676229999999919e+02 -2.490877999999999926e+00 7.874858999999999831e+00
2.531928870000000131e+02 -2.196759999999999824e+00 8.015081999999999596e+00
2.542179859999999962e+02 -3.095966000000000218e+00 8.134460999999999942e+00
2.552428130000000124e+02 -2.719888000000000083e+00 7.556583999999999968e+00
2.562611909999999966e+02 -2.568143000000000065e+00 7.277629000000000126e+00
2.572913760000000138e+02 -2.187199000000000115e+00 8.302021999999999124e+00
2.583085790000000088e+02 -3.462115999999999971e+00 7.858735000000000248e+00
2.593408590000000231e+02 -3.866737000000000091e+00 6.346676999999999680e+00
2.603667260000000283e+02 -3.895706999999999809e+00 7.205784000000000411e+00
2.613909509999999727e+02 -4.489607999999999599e+00 8.407050999999999163e+00
2.624157109999999875e+02 -4.203456000000000081e+00 6.789420999999999928e+00
2.634389499999999771e+02 -5.075026000000000259e+00 7.181962999999999653e+00
2.644674969999999803e+02 -5.002633000000000330e+00 6.797836000000000212e+00
2.654875170000000253e+02 -5.462812999999999697e+00 7.568277000000000143e+00
2.665152640000000019e+02 -5.565634000000000192e+00 6.497459000000000096e+00
2.675363120000000094e+02 -5.543585000000000207e+00 6.696089999999999876e+00
2.685650340000000256e+02 -4.899799999999999933e+00 6.003063000000000038e+00
2.695902070000000208e+02 -5.279230000000000089e+00 5.982338000000000378e+00
2.706151800000000094e+02 -6.207843999999999696e+00 6.315337000000000423e+00
2.716399660000000154e+02 -4.340319000000000038e+00 5.543457000000000079e+00
2.726625300000000038e+02 -4.878961999999999577e+00 5.171196000000000126e+00
2.736873519999999758e+02 -5.902384999999999771e+00 4.327753999999999657e+00
2.747144059999999968e+02 -5.225553999999999810e+00 3.667956999999999912e+00
2.757340389999999957e+02 -4.830155999999999672e+00 4.201965000000000394e+00
2.767641380000000026e+02 -5.197807000000000066e+00 3.877895999999999788e+00
2.777898710000000051e+02 -4.737178000000000111e+00 3.421870999999999885e+00
2.788097779999999943e+02 -4.377614999999999590e+00 1.946212999999999971e+00
2.798406400000000076e+02 -3.893269000000000091e+00 2.850262999999999991e+00
2.808636639999999716e+02 -4.975411000000000250e+00 2.250699000000000005e+00
2.818886229999999955e+02 -4.652285000000000004e+00 2.377746000000000137e+00
2.827088299999999776e+02 -4.348685999999999829e+00 1.519830000000000014e+00
2.835285549999999830e+02 -3.831606999999999985e+00 1.246860000000000079e+00
2.843497590000000059e+02 -3.123580000000000023e+00 5.574700000000000211e-01
2.851680529999999862e+02 -2.704863000000000017e+00 9.657499999999999418e-02
2.859879859999999780e+02 -3.175332000000000043e+00 2.633610000000000118e-01
2.868084739999999897e+02 -2.992010000000000058e+00 9.510570000000000412e-01
2.876223539999999730e+02 -3.300403999999999893e+00 9.532629999999999715e-01
2.884479910000000018e+02 -3.092928999999999817e+00 -7.658070000000000155e-01
2.892680250000000228e+02 -3.241066000000000003e+00 -3.437099999999999878e-02
2.900882589999999936e+02 -2.379375000000000018e+00 -3.454039999999999888e-01
2.909078039999999987e+02 -1.781212999999999935e+00 -3.607020000000000226e-01
2.917275300000000016e+02 -1.523023999999999933e+00 -6.359499999999999875e-02
2.925478430000000003e+02 -2.111098000000000141e+00 -9.925490000000000146e-01
2.933615520000000174e+02 -1.664436000000000027e+00 -9.812859999999999916e-01
2.941882620000000088e+02 -1.260636000000000090e+00 -3.015209999999999835e-01
2.950072069999999940e+02 -1.660274000000000028e+00 -2.361250000000000016e-01
2.958278770000000009e+02 -1.085183999999999926e+00 -4.316479999999999762e-01
2.966469720000000052e+02 -8.363439999999999763e-01 -3.444320000000000159e-01
2.974673000000000229e+02 -5.663580000000000281e-01 2.863439999999999874e-01
2.982869370000000231e+02 -9.449849999999999639e-01 -4.201070000000000082e-01
2.991066389999999728e+02 2.299019999999999953e-01 -1.422219999999999873e-01
2.999264949999999885e+02 2.404610000000000081e-01 3.449559999999999849e-01
3.007432339999999726e+02 -1.312966999999999995e+00 1.606930000000000025e-01
3.015660720000000197e+02 -6.701589999999999492e-01 7.844480000000000341e-01
3.023858559999999898e+02 -2.868550000000000266e-01 -1.212099999999999983e-02
3.032010670000000232e+02 -1.130114000000000063e+00 -4.825000000000000296e-03
3.040252750000000219e+02 6.598300000000000276e-01 -1.810549999999999937e-01
3.048425340000000006e+02 -7.330999999999999843e-03 -2.669650000000000079e-01
3.056649580000000128e+02 1.992099999999999982e-01 4.761790000000000189e-01
3.064843169999999759e+02 -6.887060000000000404e-01 -6.479200000000000514e-01
3.073046370000000138e+02 -2.548100000000000018e-02 -1.407599999999999962e-01
3.081248019999999883e+02 7.244350000000000511e-01 -1.289794000000000107e+00
3.089445339999999760e+02 2.390170000000000072e-01 4.000389999999999779e-01
