x y
-2.250000000000000000e+00 -1.044999999999999929e+01
-2.349999999999999645e+00 -1.034999999999999964e+01
1.350000000000001421e+00 -1.034999999999999964e+01
2.850000000000001421e+00 -1.025000000000000000e+01
1.649999999999998579e+00 -1.015000000000000036e+01
1.750000000000000000e+00 -1.015000000000000036e+01
3.649999999999998579e+00 -1.015000000000000036e+01
3.750000000000000000e+00 -1.015000000000000036e+01
3.949999999999999289e+00 -1.015000000000000036e+01
-5.550000000000000711e+00 -1.005000000000000071e+01
1.750000000000000000e+00 -1.005000000000000071e+01
5.250000000000000000e+00 -1.005000000000000071e+01
5.350000000000001421e+00 -1.005000000000000071e+01
8.050000000000000711e+00 -1.005000000000000071e+01
8.250000000000000000e+00 -1.005000000000000071e+01
8.350000000000001421e+00 -1.005000000000000071e+01
8.449999999999999289e+00 -1.005000000000000071e+01
8.550000000000000711e+00 -1.005000000000000071e+01
8.649999999999998579e+00 -1.005000000000000071e+01
8.750000000000000000e+00 -1.005000000000000071e+01
8.850000000000001421e+00 -1.005000000000000071e+01
8.949999999999999289e+00 -1.005000000000000071e+01
9.149999999999998579e+00 -1.005000000000000071e+01
9.250000000000000000e+00 -1.005000000000000071e+01
-5.750000000000000000e+00 -9.949999999999999289e+00
6.850000000000001421e+00 -9.949999999999999289e+00
7.050000000000000711e+00 -9.949999999999999289e+00
7.149999999999998579e+00 -9.949999999999999289e+00
7.250000000000000000e+00 -9.949999999999999289e+00
7.350000000000001421e+00 -9.949999999999999289e+00
7.449999999999999289e+00 -9.949999999999999289e+00
7.550000000000000711e+00 -9.949999999999999289e+00
7.649999999999998579e+00 -9.949999999999999289e+00
7.750000000000000000e+00 -9.949999999999999289e+00
7.850000000000001421e+00 -9.949999999999999289e+00
7.949999999999999289e+00 -9.949999999999999289e+00
9.350000000000001421e+00 -9.949999999999999289e+00
-2.650000000000000355e+00 -9.849999999999999645e+00
-2.550000000000000711e+00 -9.849999999999999645e+00
1.449999999999999289e+00 -9.849999999999999645e+00
1.550000000000000711e+00 -9.849999999999999645e+00
1.649999999999998579e+00 -9.849999999999999645e+00
1.750000000000000000e+00 -9.849999999999999645e+00
-5.849999999999999645e+00 -9.650000000000000355e+00
-5.750000000000000000e+00 -9.650000000000000355e+00
-5.949999999999999289e+00 -9.550000000000000711e+00
-5.849999999999999645e+00 -9.550000000000000711e+00
-6.050000000000000711e+00 -9.449999999999999289e+00
-5.949999999999999289e+00 -9.449999999999999289e+00
-6.050000000000000711e+00 -9.349999999999999645e+00
-6.150000000000000355e+00 -8.650000000000000355e+00
9.350000000000001421e+00 -8.650000000000000355e+00
9.149999999999998579e+00 -8.250000000000000000e+00
9.449999999999999289e+00 -8.250000000000000000e+00
9.149999999999998579e+00 -8.150000000000000355e+00
9.250000000000000000e+00 -8.150000000000000355e+00
9.449999999999999289e+00 -8.150000000000000355e+00
-6.150000000000000355e+00 -7.950000000000000178e+00
9.449999999999999289e+00 -7.650000000000000355e+00
9.449999999999999289e+00 -7.549999999999999822e+00
-6.150000000000000355e+00 -7.349999999999999645e+00
1.225000000000000000e+01 -6.949999999999999289e+00
1.135000000000000142e+01 -6.849999999999999645e+00
1.385000000000000142e+01 -6.849999999999999645e+00
9.449999999999999289e+00 -6.750000000000000000e+00
9.550000000000000711e+00 -6.750000000000000000e+00
9.649999999999998579e+00 -6.750000000000000000e+00
9.750000000000000000e+00 -6.750000000000000000e+00
9.850000000000001421e+00 -6.750000000000000000e+00
9.949999999999999289e+00 -6.750000000000000000e+00
1.005000000000000071e+01 -6.750000000000000000e+00
1.014999999999999858e+01 -6.750000000000000000e+00
1.025000000000000000e+01 -6.750000000000000000e+00
1.035000000000000142e+01 -6.750000000000000000e+00
1.105000000000000071e+01 -6.750000000000000000e+00
9.550000000000000711e+00 -6.650000000000000355e+00
1.005000000000000071e+01 -6.650000000000000355e+00
1.164999999999999858e+01 -6.650000000000000355e+00
1.175000000000000000e+01 -6.650000000000000355e+00
1.175000000000000000e+01 -6.550000000000000711e+00
1.394999999999999929e+01 -6.550000000000000711e+00
1.394999999999999929e+01 -6.250000000000000000e+00
-6.250000000000000000e+00 -6.050000000000000711e+00
-5.949999999999999289e+00 -6.050000000000000711e+00
-5.849999999999999645e+00 -6.050000000000000711e+00
-6.050000000000000711e+00 -5.949999999999999289e+00
-5.949999999999999289e+00 -5.949999999999999289e+00
-5.849999999999999645e+00 -5.949999999999999289e+00
-6.250000000000000000e+00 -5.849999999999999645e+00
-5.849999999999999645e+00 -5.849999999999999645e+00
1.394999999999999929e+01 -5.750000000000000000e+00
1.394999999999999929e+01 -5.650000000000000355e+00
-6.050000000000000711e+00 -5.550000000000000711e+00
1.394999999999999929e+01 -5.550000000000000711e+00
1.394999999999999929e+01 -5.449999999999999289e+00
-6.050000000000000711e+00 -5.349999999999999645e+00
1.394999999999999929e+01 -5.349999999999999645e+00
1.394999999999999929e+01 -5.250000000000000000e+00
6.449999999999999289e+00 -5.150000000000000355e+00
6.550000000000000711e+00 -5.150000000000000355e+00
6.649999999999998579e+00 -5.150000000000000355e+00
6.750000000000000000e+00 -5.150000000000000355e+00
1.394999999999999929e+01 -5.150000000000000355e+00
6.550000000000000711e+00 -5.050000000000000711e+00
6.649999999999998579e+00 -5.050000000000000711e+00
6.850000000000001421e+00 -5.050000000000000711e+00
6.949999999999999289e+00 -4.949999999999999289e+00
7.050000000000000711e+00 -4.949999999999999289e+00
7.149999999999998579e+00 -4.849999999999999645e+00
1.405000000000000071e+01 -4.550000000000000711e+00
-1.949999999999999289e+00 -4.449999999999999289e+00
1.405000000000000071e+01 -4.449999999999999289e+00
-2.150000000000000355e+00 -4.349999999999999645e+00
-2.050000000000000711e+00 -4.349999999999999645e+00
-1.949999999999999289e+00 -4.349999999999999645e+00
1.405000000000000071e+01 -4.349999999999999645e+00
-2.250000000000000000e+00 -4.250000000000000000e+00
-2.150000000000000355e+00 -4.250000000000000000e+00
-2.650000000000000355e+00 -4.150000000000000355e+00
-2.550000000000000711e+00 -4.150000000000000355e+00
-2.449999999999999289e+00 -4.150000000000000355e+00
-2.349999999999999645e+00 -4.150000000000000355e+00
-2.250000000000000000e+00 -4.150000000000000355e+00
1.385000000000000142e+01 -4.150000000000000355e+00
1.394999999999999929e+01 -4.150000000000000355e+00
1.405000000000000071e+01 -4.150000000000000355e+00
-2.949999999999999289e+00 -4.050000000000000711e+00
-2.150000000000000355e+00 -4.050000000000000711e+00
-1.349999999999999645e+00 -4.050000000000000711e+00
1.385000000000000142e+01 -4.050000000000000711e+00
1.394999999999999929e+01 -4.050000000000000711e+00
-3.050000000000000711e+00 -3.949999999999999289e+00
1.394999999999999929e+01 -3.949999999999999289e+00
1.405000000000000071e+01 -3.949999999999999289e+00
-3.050000000000000711e+00 -3.849999999999999645e+00
1.405000000000000071e+01 -3.750000000000000000e+00
1.405000000000000071e+01 -3.650000000000000355e+00
-1.449999999999999289e+00 -3.550000000000000711e+00
1.405000000000000071e+01 -3.550000000000000711e+00
1.405000000000000071e+01 -3.449999999999999289e+00
1.405000000000000071e+01 -3.349999999999999645e+00
5.750000000000000000e+00 -3.250000000000000000e+00
1.405000000000000071e+01 -3.250000000000000000e+00
-3.150000000000000355e+00 -3.050000000000000711e+00
-1.449999999999999289e+00 -3.050000000000000711e+00
4.350000000000001421e+00 -3.050000000000000711e+00
4.449999999999999289e+00 -3.050000000000000711e+00
4.550000000000000711e+00 -3.050000000000000711e+00
4.649999999999998579e+00 -3.050000000000000711e+00
4.750000000000000000e+00 -3.050000000000000711e+00
-3.150000000000000355e+00 -2.949999999999999289e+00
-1.349999999999999645e+00 -2.949999999999999289e+00
4.850000000000001421e+00 -2.949999999999999289e+00
4.949999999999999289e+00 -2.949999999999999289e+00
5.050000000000000711e+00 -2.949999999999999289e+00
5.149999999999998579e+00 -2.949999999999999289e+00
5.250000000000000000e+00 -2.949999999999999289e+00
5.350000000000001421e+00 -2.949999999999999289e+00
1.405000000000000071e+01 -2.949999999999999289e+00
-3.150000000000000355e+00 -2.849999999999999645e+00
-1.349999999999999645e+00 -2.849999999999999645e+00
-6.500000000000003553e-01 -2.849999999999999645e+00
-3.150000000000000355e+00 -2.750000000000000000e+00
-6.500000000000003553e-01 -2.750000000000000000e+00
-3.150000000000000355e+00 -2.650000000000000355e+00
-6.500000000000003553e-01 -2.650000000000000355e+00
-5.500000000000007105e-01 -2.650000000000000355e+00
-4.499999999999992895e-01 -2.650000000000000355e+00
-5.500000000000007105e-01 -2.550000000000000711e+00
-4.499999999999992895e-01 -2.550000000000000711e+00
1.414999999999999858e+01 -2.550000000000000711e+00
-3.150000000000000355e+00 -2.449999999999999289e+00
-5.500000000000007105e-01 -2.449999999999999289e+00
1.414999999999999858e+01 -2.449999999999999289e+00
-3.150000000000000355e+00 -2.349999999999999645e+00
1.414999999999999858e+01 -2.349999999999999645e+00
1.425000000000000000e+01 -2.349999999999999645e+00
1.414999999999999858e+01 -2.250000000000000000e+00
1.425000000000000000e+01 -2.150000000000000355e+00
-1.550000000000000711e+00 -2.050000000000000711e+00
-1.550000000000000711e+00 -1.949999999999999289e+00
1.414999999999999858e+01 -1.849999999999999645e+00
-7.500000000000000000e-01 -1.750000000000000000e+00
1.414999999999999858e+01 -1.750000000000000000e+00
-6.349999999999999645e+00 -1.650000000000000355e+00
1.414999999999999858e+01 -1.650000000000000355e+00
-2.949999999999999289e+00 -1.550000000000000711e+00
-3.150000000000000355e+00 -1.349999999999999645e+00
-2.849999999999999645e+00 -1.349999999999999645e+00
-2.650000000000000355e+00 -1.349999999999999645e+00
1.405000000000000071e+01 -1.349999999999999645e+00
-3.150000000000000355e+00 -1.250000000000000000e+00
-2.849999999999999645e+00 -1.250000000000000000e+00
-2.349999999999999645e+00 -1.250000000000000000e+00
-2.250000000000000000e+00 -1.250000000000000000e+00
-2.150000000000000355e+00 -1.250000000000000000e+00
-2.050000000000000711e+00 -1.250000000000000000e+00
-2.250000000000000000e+00 -1.150000000000000355e+00
-2.150000000000000355e+00 -1.150000000000000355e+00
-2.050000000000000711e+00 -1.150000000000000355e+00
-3.050000000000000711e+00 -9.499999999999992895e-01
-1.849999999999999645e+00 -8.499999999999996447e-01
-2.250000000000000000e+00 -7.500000000000000000e-01
8.949999999999999289e+00 -7.500000000000000000e-01
9.149999999999998579e+00 -7.500000000000000000e-01
-6.449999999999999289e+00 -2.500000000000000000e-01
-6.349999999999999645e+00 -2.500000000000000000e-01
-6.250000000000000000e+00 -2.500000000000000000e-01
-6.250000000000000000e+00 -1.500000000000003553e-01
-6.150000000000000355e+00 -5.000000000000071054e-02
7.449999999999999289e+00 1.949999999999999289e+00
3.449999999999999289e+00 2.050000000000000711e+00
3.550000000000000711e+00 2.050000000000000711e+00
3.750000000000000000e+00 2.050000000000000711e+00
3.850000000000001421e+00 2.050000000000000711e+00
4.149999999999998579e+00 2.050000000000000711e+00
4.250000000000000000e+00 2.050000000000000711e+00
7.649999999999998579e+00 2.050000000000000711e+00
2.149999999999998579e+00 2.149999999999998579e+00
4.250000000000000000e+00 2.149999999999998579e+00
4.350000000000001421e+00 2.149999999999998579e+00
4.550000000000000711e+00 2.149999999999998579e+00
4.850000000000001421e+00 2.149999999999998579e+00
4.949999999999999289e+00 2.149999999999998579e+00
5.050000000000000711e+00 2.149999999999998579e+00
5.149999999999998579e+00 2.149999999999998579e+00
7.750000000000000000e+00 2.149999999999998579e+00
7.850000000000001421e+00 2.149999999999998579e+00
2.149999999999998579e+00 2.250000000000000000e+00
7.750000000000000000e+00 2.250000000000000000e+00
7.850000000000001421e+00 2.250000000000000000e+00
7.850000000000001421e+00 2.350000000000001421e+00
7.949999999999999289e+00 2.350000000000001421e+00
7.949999999999999289e+00 2.449999999999999289e+00
8.050000000000000711e+00 2.550000000000000711e+00
8.050000000000000711e+00 2.649999999999998579e+00
-1.150000000000000355e+00 2.750000000000000000e+00
-1.050000000000000711e+00 2.750000000000000000e+00
8.149999999999998579e+00 2.750000000000000000e+00
-1.150000000000000355e+00 2.850000000000001421e+00
-1.050000000000000711e+00 2.850000000000001421e+00
8.250000000000000000e+00 2.850000000000001421e+00
8.250000000000000000e+00 2.949999999999999289e+00
-1.349999999999999645e+00 3.050000000000000711e+00
-9.499999999999992895e-01 3.050000000000000711e+00
8.250000000000000000e+00 3.050000000000000711e+00
8.350000000000001421e+00 3.050000000000000711e+00
-8.499999999999996447e-01 3.149999999999998579e+00
8.350000000000001421e+00 3.149999999999998579e+00
8.449999999999999289e+00 3.250000000000000000e+00
1.405000000000000071e+01 3.250000000000000000e+00
8.550000000000000711e+00 3.350000000000001421e+00
8.550000000000000711e+00 3.449999999999999289e+00
8.649999999999998579e+00 3.449999999999999289e+00
8.649999999999998579e+00 3.550000000000000711e+00
1.405000000000000071e+01 3.649999999999998579e+00
1.405000000000000071e+01 4.050000000000000711e+00
1.405000000000000071e+01 4.250000000000000000e+00
1.405000000000000071e+01 4.350000000000001421e+00
-2.050000000000000711e+00 4.750000000000000000e+00
-1.949999999999999289e+00 4.750000000000000000e+00
3.449999999999999289e+00 4.850000000000001421e+00
-1.550000000000000711e+00 5.250000000000000000e+00
-6.250000000000000000e+00 5.350000000000001421e+00
5.949999999999999289e+00 5.350000000000001421e+00
5.850000000000001421e+00 5.449999999999999289e+00
-6.250000000000000000e+00 5.550000000000000711e+00
5.850000000000001421e+00 5.649999999999998579e+00
-6.250000000000000000e+00 5.750000000000000000e+00
5.850000000000001421e+00 5.750000000000000000e+00
-6.250000000000000000e+00 5.850000000000001421e+00
5.850000000000001421e+00 5.850000000000001421e+00
5.750000000000000000e+00 5.949999999999999289e+00
5.850000000000001421e+00 5.949999999999999289e+00
5.750000000000000000e+00 6.050000000000000711e+00
-6.250000000000000000e+00 6.149999999999998579e+00
5.649999999999998579e+00 6.149999999999998579e+00
5.750000000000000000e+00 6.149999999999998579e+00
-6.250000000000000000e+00 6.250000000000000000e+00
5.649999999999998579e+00 6.250000000000000000e+00
-6.250000000000000000e+00 6.350000000000001421e+00
5.649999999999998579e+00 6.350000000000001421e+00
-6.250000000000000000e+00 6.449999999999999289e+00
5.649999999999998579e+00 6.449999999999999289e+00
-6.250000000000000000e+00 6.550000000000000711e+00
5.649999999999998579e+00 6.550000000000000711e+00
-6.250000000000000000e+00 6.649999999999998579e+00
2.649999999999998579e+00 6.649999999999998579e+00
5.649999999999998579e+00 6.649999999999998579e+00
1.385000000000000142e+01 6.649999999999998579e+00
-6.250000000000000000e+00 6.750000000000000000e+00
5.649999999999998579e+00 6.750000000000000000e+00
1.385000000000000142e+01 6.750000000000000000e+00
-6.250000000000000000e+00 6.850000000000001421e+00
5.649999999999998579e+00 6.850000000000001421e+00
-6.250000000000000000e+00 6.949999999999999289e+00
5.649999999999998579e+00 6.949999999999999289e+00
5.750000000000000000e+00 6.949999999999999289e+00
-6.250000000000000000e+00 7.050000000000000711e+00
5.649999999999998579e+00 7.050000000000000711e+00
5.750000000000000000e+00 7.050000000000000711e+00
-6.250000000000000000e+00 7.149999999999998579e+00
5.750000000000000000e+00 7.149999999999998579e+00
-6.250000000000000000e+00 7.250000000000000000e+00
2.949999999999999289e+00 7.250000000000000000e+00
5.750000000000000000e+00 7.250000000000000000e+00
-6.250000000000000000e+00 7.350000000000001421e+00
5.750000000000000000e+00 7.350000000000001421e+00
-6.250000000000000000e+00 7.449999999999999289e+00
5.649999999999998579e+00 7.449999999999999289e+00
5.750000000000000000e+00 7.449999999999999289e+00
-6.250000000000000000e+00 7.550000000000000711e+00
-6.250000000000000000e+00 7.649999999999998579e+00
5.350000000000001421e+00 7.649999999999998579e+00
-6.250000000000000000e+00 7.750000000000000000e+00
3.050000000000000711e+00 7.750000000000000000e+00
5.050000000000000711e+00 7.750000000000000000e+00
5.149999999999998579e+00 7.750000000000000000e+00
-6.250000000000000000e+00 7.850000000000001421e+00
4.050000000000000711e+00 7.850000000000001421e+00
4.149999999999998579e+00 7.850000000000001421e+00
4.250000000000000000e+00 7.850000000000001421e+00
4.350000000000001421e+00 7.850000000000001421e+00
4.449999999999999289e+00 7.850000000000001421e+00
4.550000000000000711e+00 7.850000000000001421e+00
4.649999999999998579e+00 7.850000000000001421e+00
4.750000000000000000e+00 7.850000000000001421e+00
4.850000000000001421e+00 7.850000000000001421e+00
-6.250000000000000000e+00 7.949999999999999289e+00
-6.250000000000000000e+00 8.050000000000000711e+00
-2.449999999999999289e+00 8.050000000000000711e+00
-2.250000000000000000e+00 8.050000000000000711e+00
-2.150000000000000355e+00 8.050000000000000711e+00
-6.250000000000000000e+00 8.149999999999998579e+00
-3.550000000000000711e+00 8.149999999999998579e+00
-6.250000000000000000e+00 8.250000000000000000e+00
-2.500000000000000000e-01 8.250000000000000000e+00
-6.250000000000000000e+00 8.350000000000001421e+00
-3.650000000000000355e+00 8.350000000000001421e+00
-2.500000000000000000e-01 8.350000000000001421e+00
-6.250000000000000000e+00 8.449999999999999289e+00
-2.500000000000000000e-01 8.449999999999999289e+00
-6.250000000000000000e+00 8.550000000000000711e+00
-3.750000000000000000e+00 8.550000000000000711e+00
-2.500000000000000000e-01 8.550000000000000711e+00
-6.250000000000000000e+00 8.649999999999998579e+00
-1.500000000000003553e-01 8.649999999999998579e+00
-3.750000000000000000e+00 8.750000000000000000e+00
-5.000000000000071054e-02 8.750000000000000000e+00
-6.250000000000000000e+00 8.850000000000001421e+00
-6.349999999999999645e+00 8.949999999999999289e+00
-5.000000000000071054e-02 8.949999999999999289e+00
-6.349999999999999645e+00 9.149999999999998579e+00
-6.349999999999999645e+00 9.350000000000001421e+00
-1.500000000000003553e-01 9.350000000000001421e+00
-1.500000000000003553e-01 9.649999999999998579e+00
1.394999999999999929e+01 9.649999999999998579e+00
-5.000000000000071054e-02 9.750000000000000000e+00
7.850000000000001421e+00 9.750000000000000000e+00
1.394999999999999929e+01 9.750000000000000000e+00
-6.250000000000000000e+00 9.850000000000001421e+00
-5.000000000000071054e-02 9.850000000000001421e+00
7.550000000000000711e+00 9.850000000000001421e+00
7.649999999999998579e+00 9.850000000000001421e+00
7.750000000000000000e+00 9.850000000000001421e+00
7.850000000000001421e+00 9.850000000000001421e+00
1.385000000000000142e+01 9.850000000000001421e+00
-6.250000000000000000e+00 9.949999999999999289e+00
-6.150000000000000355e+00 9.949999999999999289e+00
7.649999999999998579e+00 9.949999999999999289e+00
1.364999999999999858e+01 9.949999999999999289e+00
1.375000000000000000e+01 9.949999999999999289e+00
1.385000000000000142e+01 9.949999999999999289e+00
-6.050000000000000711e+00 1.005000000000000071e+01
-5.949999999999999289e+00 1.005000000000000071e+01
-5.750000000000000000e+00 1.005000000000000071e+01
-5.650000000000000355e+00 1.005000000000000071e+01
-5.550000000000000711e+00 1.005000000000000071e+01
-5.449999999999999289e+00 1.005000000000000071e+01
-5.349999999999999645e+00 1.005000000000000071e+01
-5.250000000000000000e+00 1.005000000000000071e+01
-5.150000000000000355e+00 1.005000000000000071e+01
-5.050000000000000711e+00 1.005000000000000071e+01
-4.949999999999999289e+00 1.005000000000000071e+01
-4.650000000000000355e+00 1.005000000000000071e+01
-4.550000000000000711e+00 1.005000000000000071e+01
-4.449999999999999289e+00 1.005000000000000071e+01
4.850000000000001421e+00 1.005000000000000071e+01
4.949999999999999289e+00 1.005000000000000071e+01
5.050000000000000711e+00 1.005000000000000071e+01
5.149999999999998579e+00 1.005000000000000071e+01
5.250000000000000000e+00 1.005000000000000071e+01
5.350000000000001421e+00 1.005000000000000071e+01
5.449999999999999289e+00 1.005000000000000071e+01
5.550000000000000711e+00 1.005000000000000071e+01
5.649999999999998579e+00 1.005000000000000071e+01
5.750000000000000000e+00 1.005000000000000071e+01
5.850000000000001421e+00 1.005000000000000071e+01
6.050000000000000711e+00 1.005000000000000071e+01
7.449999999999999289e+00 1.005000000000000071e+01
7.550000000000000711e+00 1.005000000000000071e+01
1.364999999999999858e+01 1.005000000000000071e+01
2.850000000000001421e+00 1.014999999999999858e+01
3.649999999999998579e+00 1.014999999999999858e+01
3.750000000000000000e+00 1.014999999999999858e+01
3.850000000000001421e+00 1.014999999999999858e+01
3.949999999999999289e+00 1.014999999999999858e+01
4.149999999999998579e+00 1.014999999999999858e+01
4.350000000000001421e+00 1.014999999999999858e+01
4.550000000000000711e+00 1.014999999999999858e+01
4.649999999999998579e+00 1.014999999999999858e+01
4.750000000000000000e+00 1.014999999999999858e+01
4.850000000000001421e+00 1.014999999999999858e+01
4.949999999999999289e+00 1.014999999999999858e+01
6.050000000000000711e+00 1.014999999999999858e+01
6.250000000000000000e+00 1.014999999999999858e+01
6.350000000000001421e+00 1.014999999999999858e+01
6.449999999999999289e+00 1.014999999999999858e+01
6.550000000000000711e+00 1.014999999999999858e+01
6.649999999999998579e+00 1.014999999999999858e+01
6.750000000000000000e+00 1.014999999999999858e+01
6.850000000000001421e+00 1.014999999999999858e+01
6.949999999999999289e+00 1.014999999999999858e+01
7.050000000000000711e+00 1.014999999999999858e+01
7.149999999999998579e+00 1.014999999999999858e+01
7.350000000000001421e+00 1.014999999999999858e+01
8.350000000000001421e+00 1.014999999999999858e+01
8.550000000000000711e+00 1.014999999999999858e+01
8.649999999999998579e+00 1.014999999999999858e+01
8.750000000000000000e+00 1.014999999999999858e+01
9.250000000000000000e+00 1.014999999999999858e+01
9.350000000000001421e+00 1.014999999999999858e+01
9.449999999999999289e+00 1.014999999999999858e+01
9.750000000000000000e+00 1.014999999999999858e+01
9.850000000000001421e+00 1.014999999999999858e+01
1.005000000000000071e+01 1.014999999999999858e+01
1.014999999999999858e+01 1.014999999999999858e+01
